      0.38      0.283      0.154     0.0337     0.0176     0.0203          0     0.0108     0.0109      0.923    0.00062       2.16       0.95     0.0593       0.02        0.2      0.783          4       1.33        0.1          2          0      0.015      0.584      0.483          0      0.101      0.254          0          0          0      0.168          1     0.0381          0     0.0598          0       3.35
      0.36      0.274      0.148     0.0334      0.018     0.0204          0     0.0108     0.0103      0.918    0.00058       2.16       0.95     0.0593     0.0202        0.2      0.879          4       1.34        0.1          2          0      0.015      0.662      0.445          0     0.0948      0.259          0          0          0      0.159          1     0.0386          0       0.06          0       3.22
     0.359      0.278       0.15     0.0329     0.0187     0.0202          0     0.0128     0.0103      0.951    0.00069       2.15      0.818     0.0603     0.0211        0.2      0.603          4       1.33        0.1          2          0      0.015      0.576      0.482          0      0.112      0.269          0          0          0      0.166          1     0.0365          0     0.0626          0       3.12
     0.339      0.287       0.15     0.0324     0.0176     0.0223          0     0.0125     0.0116       0.98    0.00067       1.65       0.95     0.0593       0.02        0.2      0.904          4       1.51        0.1          2          0      0.015        0.9      0.421          0      0.112      0.301          0          0          0      0.138          1     0.0381          0     0.0604          0       3.35
     0.375      0.273      0.149     0.0324     0.0184     0.0201          0     0.0118     0.0121      0.887    0.00058       1.97       0.95     0.0593     0.0207        0.2      0.755          4       1.33        0.1          2          0      0.015      0.584      0.433          0     0.0791      0.296          0          0          0      0.147          1     0.0437          0     0.0598          0       3.35
      0.34      0.289      0.151     0.0317     0.0177     0.0223          0     0.0127     0.0134       0.98     0.0006       1.79       0.95     0.0603       0.02        0.2      0.947          4        1.5        0.1          2          0      0.015        0.9       0.43          0      0.114       0.25          0          0          0     0.0985          1     0.0392          0     0.0604          0       3.08
     0.364      0.278       0.15     0.0318     0.0194     0.0228          0     0.0115     0.0116       0.98    0.00065       1.56       0.88     0.0644     0.0219        0.2      0.914          4       1.51        0.1       2.25          0      0.015        0.9      0.459          0      0.108      0.301          0          0          0       0.14          1     0.0376          0     0.0642          0       3.27
     0.352      0.274      0.145     0.0314     0.0182     0.0211          0     0.0108     0.0109      0.935    0.00068       2.11       0.95     0.0569     0.0205        0.2      0.741          4       1.38        0.1          2          0      0.015      0.493      0.457          0      0.104      0.254          0          0          0      0.168          1     0.0373          0     0.0583          0       3.47
     0.385      0.271      0.144     0.0304     0.0177     0.0244          0     0.0125     0.0116       0.98    0.00061       1.42       0.95     0.0593       0.02        0.2      0.842          4       1.55        0.1       2.47          0      0.015        0.9      0.421          0      0.112      0.319          0          0          0      0.101          1     0.0409          0     0.0451          0       3.35
     0.346      0.273      0.142     0.0305     0.0198     0.0196          0     0.0128     0.0117      0.923    0.00047       2.27      0.864     0.0647     0.0221        0.2      0.783       3.83       1.33        0.1          2          0      0.015       0.56      0.444          0      0.099      0.254          0          0          0      0.168          1     0.0381          0      0.072          0       3.03
     0.377      0.262      0.144       0.03     0.0221     0.0223          0     0.0108       0.01      0.929    0.00055       2.05       0.95      0.057     0.0248        0.2      0.695          4       1.43        0.1       2.21          0      0.015      0.557      0.465          0     0.0874      0.259          0          0          0      0.171          1     0.0381          0     0.0662          0       3.37
     0.352      0.272      0.142       0.03     0.0179     0.0207          0     0.0108     0.0112      0.917    0.00062       2.22       0.95     0.0593       0.02        0.2      0.788          4       1.33        0.1       2.03          0      0.015      0.578      0.505          0      0.107      0.258          0          0          0      0.168          1     0.0369          0     0.0599          0       3.42
     0.362      0.265      0.141     0.0296     0.0192     0.0184          0    0.00992     0.0129      0.926    0.00052       1.83      0.943     0.0627     0.0215        0.2      0.748       3.61       1.33        0.1          2          0      0.015      0.519      0.436          0      0.121      0.211          0          0          0      0.166          1     0.0366          0     0.0605          0       3.01
     0.357      0.261      0.138     0.0294     0.0189     0.0175          0      0.013     0.0133      0.962    0.00067       1.84       0.86     0.0593     0.0211        0.2      0.904       3.33       1.35        0.1       2.26          0      0.015      0.868      0.512          0      0.103      0.301          0          0          0      0.292          1     0.0479          0     0.0577          0       3.06
     0.364      0.263      0.139      0.029     0.0179      0.021          0     0.0129     0.0133      0.962    0.00086       1.74      0.818     0.0513     0.0201        0.2      0.682       3.64       1.57        0.1       2.27          0      0.015      0.735      0.494          0      0.111      0.301          0          0          0      0.283          1     0.0615          0     0.0595          0       2.73
     0.378      0.253      0.136     0.0292      0.018     0.0126          0     0.0108     0.0104        0.9    0.00065       2.53       0.95     0.0466       0.02        0.2      0.812          4       1.33        0.1          2          0      0.015      0.581      0.621          0      0.113      0.254          0          0          0      0.168          1     0.0381          0     0.0598          0       4.07
     0.362      0.256      0.136     0.0286     0.0183     0.0112          0     0.0101       0.01      0.936    0.00054       2.09      0.943     0.0686     0.0203        0.2      0.848          4        1.1        0.1       2.47          0      0.015      0.513      0.539          0      0.106      0.254          0          0          0      0.114          1     0.0341          0     0.0403          0       3.51
     0.363      0.255      0.135     0.0286      0.018     0.0131          0     0.0111     0.0103      0.921    0.00056       2.16       0.95     0.0593       0.02        0.2      0.836       3.99       1.37        0.1       2.05          0      0.015      0.602      0.491          0     0.0956       0.25          0          0          0      0.158          1     0.0381          0     0.0597          0       3.52
     0.364      0.252      0.135      0.028     0.0211     0.0125          0     0.0117     0.0109      0.941    0.00056       2.28      0.811     0.0542     0.0235        0.2      0.631          4       1.31        0.1          2          0      0.015      0.654      0.445          0       0.12       0.27          0          0          0      0.185          1     0.0339          0     0.0501          0       4.32
     0.319      0.268      0.136     0.0278     0.0179      0.019          0     0.0108     0.0115      0.968    0.00064       2.24      0.889     0.0715       0.02        0.2      0.694       3.75       1.31        0.1          2          0      0.015      0.497      0.503          0       0.11       0.24          0          0          0      0.166          1     0.0402          0      0.061          0       3.38
     0.355      0.264      0.136     0.0277     0.0189     0.0177          0     0.0128     0.0112      0.946    0.00039       1.38       0.95     0.0611     0.0211        0.2      0.904       3.05       1.55        0.1       2.26          0      0.015      0.733      0.531          0     0.0925      0.205          0          0          0      0.292          1     0.0467          0     0.0577          0       3.06
     0.341      0.255      0.134     0.0279     0.0203     0.0165          0      0.013     0.0133       0.97    0.00061       1.97      0.926     0.0659     0.0227        0.2      0.781       3.02       1.35        0.1       2.14          0      0.015      0.868       0.48          0      0.104      0.311          0          0          0      0.269          1     0.0526          0     0.0555          0       3.07
     0.333       0.25      0.132     0.0274     0.0186     0.0082          0      0.013     0.0126      0.896    0.00047        2.5       0.95     0.0517     0.0204        0.2      0.773       2.66        1.2        0.1       2.85          0      0.015       0.71      0.556          0     0.0898      0.287          0          0          0      0.404          1     0.0457          0      0.051          0       3.09
     0.349      0.251       0.13      0.027     0.0221     0.0142          0     0.0122     0.0152      0.945    0.00067        2.1      0.837     0.0628     0.0254        0.2      0.889       2.98       1.08        0.1       2.27          0      0.015        0.9      0.499          0      0.106      0.328          0          0          0      0.269          1     0.0539          0     0.0546          0       2.31
     0.334      0.243       0.13     0.0269     0.0183    0.00787          0     0.0164     0.0126      0.929    0.00049       2.08       0.95     0.0517       0.02        0.2      0.963       2.55      0.877        0.1       2.51          0      0.015       0.58      0.609          0     0.0695      0.335          0          0          0       0.44          1     0.0477          0      0.055          0       3.55
     0.338      0.257      0.131     0.0267     0.0192     0.0187          0      0.013     0.0133      0.961    0.00072       1.81      0.787     0.0593     0.0215        0.2      0.983       3.56       1.35        0.1       2.26          0      0.015        0.9      0.468          0      0.109      0.301          0          0          0      0.282          1     0.0479          0     0.0703          0       3.01
     0.362      0.254       0.13     0.0266      0.018     0.0167          0     0.0123     0.0158      0.888    0.00037       2.47       0.95     0.0581       0.02        0.2       1.02       2.88       1.45        0.1        2.6          0      0.015       0.71      0.626          0     0.0675      0.372          0          0          0      0.361          1     0.0617          0     0.0481          0       2.88
     0.338      0.236      0.131      0.026     0.0192    0.00862          0      0.013     0.0128      0.895    0.00049       2.53       0.95     0.0517      0.021        0.2      0.777       2.68        1.2        0.1       2.71          0      0.015      0.665      0.556          0     0.0898      0.283          0          0          0      0.409          1     0.0456          0      0.051          0       2.99
     0.328      0.247      0.129     0.0259     0.0182     0.0084          0     0.0131     0.0126      0.911    0.00048       2.32       0.95     0.0538       0.02        0.2      0.843       2.66       1.24        0.1       2.95          0      0.015      0.669      0.579          0     0.0964      0.265          0          0          0      0.375          1     0.0457          0     0.0496          0       3.05
     0.308      0.247      0.127     0.0258     0.0187    0.00858          0      0.013     0.0126      0.905    0.00047        2.5       0.95     0.0517     0.0204        0.2       0.76       2.78       1.16        0.1       2.85          0      0.015      0.794      0.595          0     0.0874      0.287          0          0          0      0.404          1     0.0457          0      0.055          0       3.08
     0.323      0.239      0.123     0.0248     0.0195    0.00861          0     0.0131     0.0126      0.911    0.00051       2.15      0.847     0.0541     0.0214        0.2      0.824       2.66       1.31        0.1       2.34          0      0.015      0.751      0.457          0     0.0892      0.294          0          0          0      0.375          1     0.0457          0     0.0474          0       4.09
      0.34      0.239      0.123     0.0248      0.018     0.0129          0    0.00913       0.01      0.923    0.00073        2.3       0.95     0.0603       0.02        0.2      0.877          4       1.35        0.1          2          0      0.015      0.633      0.533          0      0.101      0.252          0          0          0      0.161          1     0.0402          0     0.0617          0       3.99
     0.337      0.249      0.122     0.0244     0.0194     0.0214          0    0.00987     0.0143      0.962    0.00067       2.11       0.95      0.062     0.0217        0.2      0.777          4       1.28        0.1       2.42          0      0.015       0.84      0.405          0      0.103      0.391          0          0          0        0.3          1     0.0491          0     0.0531          0        3.2
     0.316      0.226      0.123     0.0242     0.0192    0.00888          0     0.0135     0.0128      0.888    0.00048       2.49      0.946     0.0509     0.0209        0.2      0.752       2.63       1.26        0.1       2.74          0      0.015      0.699      0.556          0     0.0908      0.284          0          0          0      0.419          1     0.0452          0     0.0499          0       3.05
     0.321      0.242      0.122     0.0241     0.0199     0.0191          0     0.0123     0.0126       0.98    0.00061       2.02       0.86     0.0593     0.0219        0.2      0.904       3.33       1.46        0.1       2.36          0      0.015      0.801      0.475          0      0.116      0.301          0          0          0      0.365          1     0.0527          0     0.0553          0       3.06
     0.308      0.257      0.122     0.0239     0.0232     0.0167          0     0.0134     0.0133       0.98    0.00067       1.35      0.796      0.043     0.0258        0.2      0.816       3.07       1.35        0.1       2.32          0      0.015      0.854      0.492          0      0.137      0.301          0          0          0      0.324          1     0.0335          0      0.065          0       3.18
     0.332      0.241      0.122     0.0239     0.0181    0.00912          0     0.0135     0.0122      0.947    0.00045       2.46       0.95     0.0602       0.02        0.2      0.779       2.48       1.24        0.1       3.22          0      0.015      0.669      0.494          0     0.0964      0.275          0          0          0      0.323          1     0.0457          0     0.0508          0       3.05
     0.276      0.245      0.121     0.0238     0.0191    0.00805          0     0.0134     0.0126      0.896    0.00047       2.43       0.95     0.0517     0.0208        0.2       0.84       2.55       1.18        0.1       2.83          0      0.015      0.697      0.556          0      0.087      0.282          0          0          0      0.404          1     0.0457          0      0.051          0       2.96
     0.278      0.238      0.117     0.0242      0.019    0.00833          0      0.013     0.0128      0.896    0.00047       2.53      0.943     0.0517     0.0207        0.2      0.784       2.67       1.17        0.1       2.85          0      0.015      0.707      0.569          0     0.0903      0.278          0          0          0      0.407          1     0.0446          0     0.0511          0       3.05
     0.314      0.234      0.117     0.0238     0.0184    0.00899          0     0.0139     0.0126      0.896    0.00036       2.49       0.95     0.0573       0.02        0.2      0.759       2.42       1.28        0.1       3.41          0      0.015      0.656      0.556          0     0.0776      0.296          0          0          0      0.473          1     0.0457          0      0.051          0       3.26
     0.318       0.24      0.116      0.023     0.0192     0.0122          0     0.0125       0.01      0.925     0.0005          3       0.95      0.094     0.0207        0.2      0.875       2.95       1.43        0.1          4          0      0.015      0.756      0.423          0      0.107      0.446          0          0          0      0.436          1     0.0457          0     0.0508          0       2.99
     0.311      0.225      0.112     0.0217     0.0184    0.00904          0      0.013       0.01      0.923    0.00053       2.62       0.95     0.0517       0.02        0.2      0.813       2.66       1.06        0.1        3.1          0      0.015      0.711      0.505          0     0.0935      0.287          0          0          0      0.432          1     0.0457          0     0.0562          0       2.74
     0.301       0.22      0.105     0.0203     0.0193     0.0141          0     0.0102       0.01      0.925     0.0005          3      0.849      0.094     0.0204        0.2       0.95       3.19       1.65        0.1       3.94          0      0.015      0.742      0.423          0      0.111      0.464          0          0          0      0.494          1     0.0457          0     0.0502          0       2.99
     0.313      0.218      0.102     0.0206     0.0199     0.0134          0     0.0109       0.01      0.913    0.00052       3.12       0.95      0.094     0.0212        0.2       0.95       3.27       1.44        0.1       4.21          0      0.015      0.725      0.347          0      0.115      0.492          0          0          0      0.526          1     0.0457          0     0.0479          0       3.16
     0.311      0.222      0.103     0.0198     0.0191     0.0143          0    0.00905     0.0101      0.924    0.00048       3.08       0.94     0.0989     0.0204        0.2       0.95        3.2        1.7        0.1       3.94          0      0.015      0.777      0.393          0      0.104      0.525          0          0          0      0.494          1      0.042          0     0.0525          0       3.17
     0.305      0.225      0.103     0.0194      0.019     0.0122          0     0.0125       0.01       0.92     0.0005       3.01       0.95     0.0959     0.0205        0.2      0.862       2.85       1.47        0.1        4.1          0      0.015      0.756      0.423          0      0.106      0.446          0          0          0      0.443          1     0.0449          0     0.0508          0       2.99
     0.268      0.213     0.0935     0.0181     0.0205     0.0128          0     0.0121       0.01      0.871    0.00048       3.24       0.95     0.0974     0.0216        0.2      0.963       2.87       1.65        0.1       3.59          0      0.015      0.727      0.423          0      0.115       0.44          0          0          0      0.633          1      0.048          0     0.0406          0       3.13
     0.301      0.209     0.0927     0.0177     0.0188    0.00982          0     0.0135       0.01      0.879    0.00038       2.92      0.937     0.0993       0.02        0.2      0.515       2.38       1.48        0.1        4.4          0      0.015      0.756      0.482          0      0.098      0.594          0          0          0      0.436          1     0.0433          0     0.0428          0       2.63
     0.266       0.21      0.089     0.0161     0.0193     0.0145          0     0.0102       0.01      0.925     0.0005       2.99      0.849      0.094     0.0204        0.2      0.955       3.19       1.65        0.1       3.93          0      0.015      0.742      0.419          0      0.111      0.464          0          0          0      0.495          1      0.046          0     0.0502          0       3.01
     0.263      0.209     0.0881     0.0161     0.0254     0.0158          0    0.00835       0.01      0.925     0.0005          3      0.849      0.094     0.0266        0.2      0.879       3.19       1.92        0.1       3.93          0      0.015      0.846      0.559          0      0.111      0.464          0          0          0      0.524          1     0.0483          0     0.0516          0        2.8
     0.248      0.216     0.0868     0.0159     0.0209     0.0171          0     0.0106       0.01      0.933     0.0005       3.32      0.849      0.094     0.0218        0.2       1.03       3.19       1.86        0.1       3.84          0      0.015      0.668      0.314          0      0.111      0.467          0          0          0      0.422          1     0.0437          0     0.0502          0       2.99
     0.248      0.202       0.08     0.0145     0.0191      0.015          0     0.0101       0.01      0.856    0.00041       3.01      0.878     0.0943       0.02        0.2      0.657       3.33       1.79        0.1       3.84          0      0.015      0.742      0.351          0     0.0738       0.52          0          0          0      0.437          1     0.0578          0     0.0417          0       2.88
     0.138       0.19     0.0481    0.00774     0.0204     0.0198          0     0.0104       0.01      0.962    0.00051       3.48      0.795       0.08     0.0204        0.2      0.884       3.21       1.75        0.1       3.94          0      0.015      0.852      0.423          0      0.111      0.429          0          0          0      0.533          1     0.0441          0      0.055          0       2.67
     0.107      0.111     0.0259    0.00471     0.0233     0.0115          0       0.01       0.01      0.937     0.0005          3        0.8        0.1       0.02        0.2          1          3        1.8        0.1          4          0      0.015        0.7        0.4          0        0.1        0.5          0          0          0        0.5          1       0.05          0       0.05          0          3
     0.106       0.11     0.0236    0.00402     0.0237     0.0105          0    0.00935       0.01      0.908    0.00056          3      0.782     0.0915       0.02        0.2      0.958          3       1.64        0.1       3.65          0      0.015      0.743        0.4          0      0.105      0.455          0          0          0      0.508          1       0.05          0     0.0464          0          3
